41 25 17 10
77 47 32 20
127 77 53 32
187 114 78 48
255 154 106 65
322 195 134 82
370 224 154 95
461 279 192 118
552 335 230 141
652 395 271 167
772 468 321 198
883 535 367 226
1022 619 425 262
1101 667 458 282
1250 758 520 320
1408 854 586 361
1548 938 644 397
1725 1046 718 442
1903 1153 792 488
2061 1249 858 528
2232 1352 929 572
2409 1460 1003 618
2620 1588 1091 672
2812 1704 1171 721
3057 1853 1273 784
3283 1990 1367 842
3517 2132 1465 902
3669 2223 1528 940
3909 2369 1628 1002
4158 2520 1732 1066
4417 2677 1840 1132
4686 2840 1952 1201
4965 3009 2068 1273
5253 3183 2188 1347
5529 3351 2303 1417
5836 3537 2431 1496
6153 3729 2563 1577
6479 3927 2699 1661
6743 4087 2809 1729
7089 4296 2953 1817