27 16 11 7
48 29 20 12
77 47 32 20
111 67 46 28
144 87 60 37
178 108 74 45
207 125 86 53
259 157 108 66
312 189 130 80
364 221 151 93
427 259 177 109
489 296 203 125
580 352 241 149
621 376 258 159
703 426 292 180
775 470 322 198
876 531 364 224
948 574 394 243
1063 644 442 272
1159 702 482 297
1224 742 509 314
1358 823 565 348
1468 890 611 376
1588 963 661 407
1718 1041 715 440
1804 1094 751 462
1933 1172 805 496
2085 1263 868 534
2181 1322 908 559
2358 1429 982 604
2473 1499 1030 634
2670 1618 1112 684
2805 1700 1168 719
2949 1787 1228 756
3081 1867 1283 790
3244 1966 1351 832
3417 2071 1423 876
3599 2181 1499 923
3791 2298 1579 972
3993 2420 1663 1024